{
 "cells": [
  {
   "cell_type": "markdown",
   "metadata": {},
   "source": [
    "<table style=\"width:100%\">\n",
    "  <thead>\n",
    "    <tr>\n",
    "      <th rowspan=\"2\">구분</th>\n",
    "      <th rowspan=\"2\">과목명</th>\n",
    "      <th colspan=\"2\">문항수</th>\n",
    "      <th colspan=\"2\">배점</th>\n",
    "      <th rowspan=\"2\">시험시간</th>\n",
    "    </tr>\n",
    "    <tr>\n",
    "      <th>객관식</th>\n",
    "      <th>단답형</th>\n",
    "      <th>객관식</th>\n",
    "      <th>단답형</th>\n",
    "    </tr>\n",
    "  </thead>\n",
    "  <tbody>\n",
    "      <tr>\n",
    "          <td rowspan=\"4\", bgcolor=\"lightgrey\">필기</td>\n",
    "          <td>데이터 이해</td>\n",
    "          <td>8</td>\n",
    "          <td>2</td>\n",
    "          <td rowspan=\"3\">80 (각 2점)</td>\n",
    "          <td rowspan=\"3\">20 (각 2점)</td>\n",
    "          <td rowspan=\"4\" >90분 (1시간 30분)</td>\n",
    "      </tr>\n",
    "      <tr>\n",
    "          <td>데이터 분석 기획</td>\n",
    "          <td>8</td>\n",
    "          <td>2</td>\n",
    "      </tr>\n",
    "      <tr>\n",
    "          <td bgcolor=\"lightgrey\"><b>데이터 분석</b></td>\n",
    "          <td bgcolor=\"lightgrey\"><b>24</b></td>\n",
    "          <td bgcolor=\"lightgrey\"><b>6</b></td>\n",
    "      </tr>\n",
    "      <tr>\n",
    "          <td>계</td>\n",
    "          <td>40</td>\n",
    "          <td>10</td>\n",
    "          <td colspan=\"2\">100</td>\n",
    "      </tr>\n",
    "  </tbody>\n",
    "</table>"
   ]
  },
  {
   "cell_type": "markdown",
   "metadata": {},
   "source": [
    "<table  style=\"width:100%\">\n",
    "    <tbody>\n",
    "            <tr>\n",
    "              <th rowspan=\"11\", bgcolor=\"lightgrey\"><b>데이터 분석</b></th>\n",
    "              <td rowspan=\"3\", bgcolor=\"lightgrey\"><b>R기초와 데이터 마트</b></td>\n",
    "              <td>R기초</td>\n",
    "            </tr>\n",
    "            <tr>\n",
    "              <td><b>데이터 마트</b></td>\n",
    "            </tr>\n",
    "            <tr>\n",
    "              <td bgcolor=\"lightgrey\">결측값 처리와 이상값 검색</td>\n",
    "            </tr>\n",
    "            <tr>\n",
    "              <td rowspan=\"4\">통계분석</td>\n",
    "              <td>통계학 개론</td>\n",
    "            </tr>\n",
    "            <tr>\n",
    "              <td>기초 통계분석</td>\n",
    "            </tr>\n",
    "            <tr>\n",
    "              <td>다변량 분석</td>\n",
    "            </tr>\n",
    "            <tr>\n",
    "              <td>시계열 예측</td>\n",
    "            </tr>\n",
    "            <tr>\n",
    "              <td rowspan=\"4\">정형 데이터 마이닝</td>\n",
    "              <td>데이터 마이닝 개요</td>\n",
    "            </tr>\n",
    "            <tr>\n",
    "              <td>분류분석(Classification)</td>\n",
    "            </tr>\n",
    "            <tr>\n",
    "              <td>군집분석(Clustering)</td>\n",
    "            </tr>\n",
    "            <tr>\n",
    "              <td>연관분석(Association Analysis)</td>\n",
    "            </tr>\n",
    "      </tbody>\n",
    "</table>"
   ]
  },
  {
   "cell_type": "markdown",
   "metadata": {},
   "source": [
    "# 과목 IV 데이터 분석"
   ]
  },
  {
   "cell_type": "markdown",
   "metadata": {},
   "source": [
    "## 제 1장 R기초와 데이터 마트"
   ]
  },
  {
   "cell_type": "markdown",
   "metadata": {},
   "source": [
    "### 제3절 결측값 처리와 이상값 검색"
   ]
  },
  {
   "cell_type": "markdown",
   "metadata": {},
   "source": [
    "#### 1. 데이터 탐색"
   ]
  },
  {
   "cell_type": "markdown",
   "metadata": {},
   "source": [
    "##### 가. 데이터 기초 통계"
   ]
  },
  {
   "cell_type": "code",
   "execution_count": 48,
   "metadata": {},
   "outputs": [],
   "source": [
    "data(iris)"
   ]
  },
  {
   "cell_type": "code",
   "execution_count": 49,
   "metadata": {},
   "outputs": [
    {
     "data": {
      "text/html": [
       "<table>\n",
       "<thead><tr><th scope=col>Sepal.Length</th><th scope=col>Sepal.Width</th><th scope=col>Petal.Length</th><th scope=col>Petal.Width</th><th scope=col>Species</th></tr></thead>\n",
       "<tbody>\n",
       "\t<tr><td>5.1   </td><td>3.5   </td><td>1.4   </td><td>0.2   </td><td>setosa</td></tr>\n",
       "\t<tr><td>4.9   </td><td>3.0   </td><td>1.4   </td><td>0.2   </td><td>setosa</td></tr>\n",
       "\t<tr><td>4.7   </td><td>3.2   </td><td>1.3   </td><td>0.2   </td><td>setosa</td></tr>\n",
       "\t<tr><td>4.6   </td><td>3.1   </td><td>1.5   </td><td>0.2   </td><td>setosa</td></tr>\n",
       "\t<tr><td>5.0   </td><td>3.6   </td><td>1.4   </td><td>0.2   </td><td>setosa</td></tr>\n",
       "\t<tr><td>5.4   </td><td>3.9   </td><td>1.7   </td><td>0.4   </td><td>setosa</td></tr>\n",
       "</tbody>\n",
       "</table>\n"
      ],
      "text/latex": [
       "\\begin{tabular}{r|lllll}\n",
       " Sepal.Length & Sepal.Width & Petal.Length & Petal.Width & Species\\\\\n",
       "\\hline\n",
       "\t 5.1    & 3.5    & 1.4    & 0.2    & setosa\\\\\n",
       "\t 4.9    & 3.0    & 1.4    & 0.2    & setosa\\\\\n",
       "\t 4.7    & 3.2    & 1.3    & 0.2    & setosa\\\\\n",
       "\t 4.6    & 3.1    & 1.5    & 0.2    & setosa\\\\\n",
       "\t 5.0    & 3.6    & 1.4    & 0.2    & setosa\\\\\n",
       "\t 5.4    & 3.9    & 1.7    & 0.4    & setosa\\\\\n",
       "\\end{tabular}\n"
      ],
      "text/markdown": [
       "\n",
       "Sepal.Length | Sepal.Width | Petal.Length | Petal.Width | Species | \n",
       "|---|---|---|---|---|---|\n",
       "| 5.1    | 3.5    | 1.4    | 0.2    | setosa | \n",
       "| 4.9    | 3.0    | 1.4    | 0.2    | setosa | \n",
       "| 4.7    | 3.2    | 1.3    | 0.2    | setosa | \n",
       "| 4.6    | 3.1    | 1.5    | 0.2    | setosa | \n",
       "| 5.0    | 3.6    | 1.4    | 0.2    | setosa | \n",
       "| 5.4    | 3.9    | 1.7    | 0.4    | setosa | \n",
       "\n",
       "\n"
      ],
      "text/plain": [
       "  Sepal.Length Sepal.Width Petal.Length Petal.Width Species\n",
       "1 5.1          3.5         1.4          0.2         setosa \n",
       "2 4.9          3.0         1.4          0.2         setosa \n",
       "3 4.7          3.2         1.3          0.2         setosa \n",
       "4 4.6          3.1         1.5          0.2         setosa \n",
       "5 5.0          3.6         1.4          0.2         setosa \n",
       "6 5.4          3.9         1.7          0.4         setosa "
      ]
     },
     "metadata": {},
     "output_type": "display_data"
    }
   ],
   "source": [
    "head(iris)"
   ]
  },
  {
   "cell_type": "code",
   "execution_count": 50,
   "metadata": {},
   "outputs": [
    {
     "data": {
      "text/html": [
       "<table>\n",
       "<thead><tr><th scope=col>Sepal.Length</th><th scope=col>Sepal.Width</th><th scope=col>Petal.Length</th><th scope=col>Petal.Width</th><th scope=col>Species</th></tr></thead>\n",
       "<tbody>\n",
       "\t<tr><td>5.1   </td><td>3.5   </td><td>1.4   </td><td>0.2   </td><td>setosa</td></tr>\n",
       "\t<tr><td>4.9   </td><td>3.0   </td><td>1.4   </td><td>0.2   </td><td>setosa</td></tr>\n",
       "\t<tr><td>4.7   </td><td>3.2   </td><td>1.3   </td><td>0.2   </td><td>setosa</td></tr>\n",
       "\t<tr><td>4.6   </td><td>3.1   </td><td>1.5   </td><td>0.2   </td><td>setosa</td></tr>\n",
       "\t<tr><td>5.0   </td><td>3.6   </td><td>1.4   </td><td>0.2   </td><td>setosa</td></tr>\n",
       "\t<tr><td>5.4   </td><td>3.9   </td><td>1.7   </td><td>0.4   </td><td>setosa</td></tr>\n",
       "\t<tr><td>4.6   </td><td>3.4   </td><td>1.4   </td><td>0.3   </td><td>setosa</td></tr>\n",
       "\t<tr><td>5.0   </td><td>3.4   </td><td>1.5   </td><td>0.2   </td><td>setosa</td></tr>\n",
       "\t<tr><td>4.4   </td><td>2.9   </td><td>1.4   </td><td>0.2   </td><td>setosa</td></tr>\n",
       "\t<tr><td>4.9   </td><td>3.1   </td><td>1.5   </td><td>0.1   </td><td>setosa</td></tr>\n",
       "</tbody>\n",
       "</table>\n"
      ],
      "text/latex": [
       "\\begin{tabular}{r|lllll}\n",
       " Sepal.Length & Sepal.Width & Petal.Length & Petal.Width & Species\\\\\n",
       "\\hline\n",
       "\t 5.1    & 3.5    & 1.4    & 0.2    & setosa\\\\\n",
       "\t 4.9    & 3.0    & 1.4    & 0.2    & setosa\\\\\n",
       "\t 4.7    & 3.2    & 1.3    & 0.2    & setosa\\\\\n",
       "\t 4.6    & 3.1    & 1.5    & 0.2    & setosa\\\\\n",
       "\t 5.0    & 3.6    & 1.4    & 0.2    & setosa\\\\\n",
       "\t 5.4    & 3.9    & 1.7    & 0.4    & setosa\\\\\n",
       "\t 4.6    & 3.4    & 1.4    & 0.3    & setosa\\\\\n",
       "\t 5.0    & 3.4    & 1.5    & 0.2    & setosa\\\\\n",
       "\t 4.4    & 2.9    & 1.4    & 0.2    & setosa\\\\\n",
       "\t 4.9    & 3.1    & 1.5    & 0.1    & setosa\\\\\n",
       "\\end{tabular}\n"
      ],
      "text/markdown": [
       "\n",
       "Sepal.Length | Sepal.Width | Petal.Length | Petal.Width | Species | \n",
       "|---|---|---|---|---|---|---|---|---|---|\n",
       "| 5.1    | 3.5    | 1.4    | 0.2    | setosa | \n",
       "| 4.9    | 3.0    | 1.4    | 0.2    | setosa | \n",
       "| 4.7    | 3.2    | 1.3    | 0.2    | setosa | \n",
       "| 4.6    | 3.1    | 1.5    | 0.2    | setosa | \n",
       "| 5.0    | 3.6    | 1.4    | 0.2    | setosa | \n",
       "| 5.4    | 3.9    | 1.7    | 0.4    | setosa | \n",
       "| 4.6    | 3.4    | 1.4    | 0.3    | setosa | \n",
       "| 5.0    | 3.4    | 1.5    | 0.2    | setosa | \n",
       "| 4.4    | 2.9    | 1.4    | 0.2    | setosa | \n",
       "| 4.9    | 3.1    | 1.5    | 0.1    | setosa | \n",
       "\n",
       "\n"
      ],
      "text/plain": [
       "   Sepal.Length Sepal.Width Petal.Length Petal.Width Species\n",
       "1  5.1          3.5         1.4          0.2         setosa \n",
       "2  4.9          3.0         1.4          0.2         setosa \n",
       "3  4.7          3.2         1.3          0.2         setosa \n",
       "4  4.6          3.1         1.5          0.2         setosa \n",
       "5  5.0          3.6         1.4          0.2         setosa \n",
       "6  5.4          3.9         1.7          0.4         setosa \n",
       "7  4.6          3.4         1.4          0.3         setosa \n",
       "8  5.0          3.4         1.5          0.2         setosa \n",
       "9  4.4          2.9         1.4          0.2         setosa \n",
       "10 4.9          3.1         1.5          0.1         setosa "
      ]
     },
     "metadata": {},
     "output_type": "display_data"
    }
   ],
   "source": [
    "head(iris, 10)"
   ]
  },
  {
   "cell_type": "code",
   "execution_count": 51,
   "metadata": {},
   "outputs": [
    {
     "name": "stdout",
     "output_type": "stream",
     "text": [
      "'data.frame':\t150 obs. of  5 variables:\n",
      " $ Sepal.Length: num  5.1 4.9 4.7 4.6 5 5.4 4.6 5 4.4 4.9 ...\n",
      " $ Sepal.Width : num  3.5 3 3.2 3.1 3.6 3.9 3.4 3.4 2.9 3.1 ...\n",
      " $ Petal.Length: num  1.4 1.4 1.3 1.5 1.4 1.7 1.4 1.5 1.4 1.5 ...\n",
      " $ Petal.Width : num  0.2 0.2 0.2 0.2 0.2 0.4 0.3 0.2 0.2 0.1 ...\n",
      " $ Species     : Factor w/ 3 levels \"setosa\",\"versicolor\",..: 1 1 1 1 1 1 1 1 1 1 ...\n"
     ]
    }
   ],
   "source": [
    "str(iris)"
   ]
  },
  {
   "cell_type": "code",
   "execution_count": 52,
   "metadata": {},
   "outputs": [
    {
     "data": {
      "text/plain": [
       "  Sepal.Length    Sepal.Width     Petal.Length    Petal.Width   \n",
       " Min.   :4.300   Min.   :2.000   Min.   :1.000   Min.   :0.100  \n",
       " 1st Qu.:5.100   1st Qu.:2.800   1st Qu.:1.600   1st Qu.:0.300  \n",
       " Median :5.800   Median :3.000   Median :4.350   Median :1.300  \n",
       " Mean   :5.843   Mean   :3.057   Mean   :3.758   Mean   :1.199  \n",
       " 3rd Qu.:6.400   3rd Qu.:3.300   3rd Qu.:5.100   3rd Qu.:1.800  \n",
       " Max.   :7.900   Max.   :4.400   Max.   :6.900   Max.   :2.500  \n",
       "       Species  \n",
       " setosa    :50  \n",
       " versicolor:50  \n",
       " virginica :50  \n",
       "                \n",
       "                \n",
       "                "
      ]
     },
     "metadata": {},
     "output_type": "display_data"
    }
   ],
   "source": [
    "summary(iris)"
   ]
  },
  {
   "cell_type": "code",
   "execution_count": 53,
   "metadata": {},
   "outputs": [
    {
     "data": {
      "text/html": [
       "<table>\n",
       "<thead><tr><th></th><th scope=col>Sepal.Length</th><th scope=col>Sepal.Width</th><th scope=col>Petal.Length</th><th scope=col>Petal.Width</th></tr></thead>\n",
       "<tbody>\n",
       "\t<tr><th scope=row>Sepal.Length</th><td> 0.6856935</td><td>-0.0424340</td><td> 1.2743154</td><td> 0.5162707</td></tr>\n",
       "\t<tr><th scope=row>Sepal.Width</th><td>-0.0424340</td><td> 0.1899794</td><td>-0.3296564</td><td>-0.1216394</td></tr>\n",
       "\t<tr><th scope=row>Petal.Length</th><td> 1.2743154</td><td>-0.3296564</td><td> 3.1162779</td><td> 1.2956094</td></tr>\n",
       "\t<tr><th scope=row>Petal.Width</th><td> 0.5162707</td><td>-0.1216394</td><td> 1.2956094</td><td> 0.5810063</td></tr>\n",
       "</tbody>\n",
       "</table>\n"
      ],
      "text/latex": [
       "\\begin{tabular}{r|llll}\n",
       "  & Sepal.Length & Sepal.Width & Petal.Length & Petal.Width\\\\\n",
       "\\hline\n",
       "\tSepal.Length &  0.6856935 & -0.0424340 &  1.2743154 &  0.5162707\\\\\n",
       "\tSepal.Width & -0.0424340 &  0.1899794 & -0.3296564 & -0.1216394\\\\\n",
       "\tPetal.Length &  1.2743154 & -0.3296564 &  3.1162779 &  1.2956094\\\\\n",
       "\tPetal.Width &  0.5162707 & -0.1216394 &  1.2956094 &  0.5810063\\\\\n",
       "\\end{tabular}\n"
      ],
      "text/markdown": [
       "\n",
       "| <!--/--> | Sepal.Length | Sepal.Width | Petal.Length | Petal.Width | \n",
       "|---|---|---|---|\n",
       "| Sepal.Length |  0.6856935 | -0.0424340 |  1.2743154 |  0.5162707 | \n",
       "| Sepal.Width | -0.0424340 |  0.1899794 | -0.3296564 | -0.1216394 | \n",
       "| Petal.Length |  1.2743154 | -0.3296564 |  3.1162779 |  1.2956094 | \n",
       "| Petal.Width |  0.5162707 | -0.1216394 |  1.2956094 |  0.5810063 | \n",
       "\n",
       "\n"
      ],
      "text/plain": [
       "             Sepal.Length Sepal.Width Petal.Length Petal.Width\n",
       "Sepal.Length  0.6856935   -0.0424340   1.2743154    0.5162707 \n",
       "Sepal.Width  -0.0424340    0.1899794  -0.3296564   -0.1216394 \n",
       "Petal.Length  1.2743154   -0.3296564   3.1162779    1.2956094 \n",
       "Petal.Width   0.5162707   -0.1216394   1.2956094    0.5810063 "
      ]
     },
     "metadata": {},
     "output_type": "display_data"
    }
   ],
   "source": [
    "cov(iris[,1:4])"
   ]
  },
  {
   "cell_type": "code",
   "execution_count": 54,
   "metadata": {},
   "outputs": [
    {
     "data": {
      "text/html": [
       "<table>\n",
       "<thead><tr><th></th><th scope=col>Sepal.Length</th><th scope=col>Sepal.Width</th><th scope=col>Petal.Length</th><th scope=col>Petal.Width</th></tr></thead>\n",
       "<tbody>\n",
       "\t<tr><th scope=row>Sepal.Length</th><td> 1.0000000</td><td>-0.1175698</td><td> 0.8717538</td><td> 0.8179411</td></tr>\n",
       "\t<tr><th scope=row>Sepal.Width</th><td>-0.1175698</td><td> 1.0000000</td><td>-0.4284401</td><td>-0.3661259</td></tr>\n",
       "\t<tr><th scope=row>Petal.Length</th><td> 0.8717538</td><td>-0.4284401</td><td> 1.0000000</td><td> 0.9628654</td></tr>\n",
       "\t<tr><th scope=row>Petal.Width</th><td> 0.8179411</td><td>-0.3661259</td><td> 0.9628654</td><td> 1.0000000</td></tr>\n",
       "</tbody>\n",
       "</table>\n"
      ],
      "text/latex": [
       "\\begin{tabular}{r|llll}\n",
       "  & Sepal.Length & Sepal.Width & Petal.Length & Petal.Width\\\\\n",
       "\\hline\n",
       "\tSepal.Length &  1.0000000 & -0.1175698 &  0.8717538 &  0.8179411\\\\\n",
       "\tSepal.Width & -0.1175698 &  1.0000000 & -0.4284401 & -0.3661259\\\\\n",
       "\tPetal.Length &  0.8717538 & -0.4284401 &  1.0000000 &  0.9628654\\\\\n",
       "\tPetal.Width &  0.8179411 & -0.3661259 &  0.9628654 &  1.0000000\\\\\n",
       "\\end{tabular}\n"
      ],
      "text/markdown": [
       "\n",
       "| <!--/--> | Sepal.Length | Sepal.Width | Petal.Length | Petal.Width | \n",
       "|---|---|---|---|\n",
       "| Sepal.Length |  1.0000000 | -0.1175698 |  0.8717538 |  0.8179411 | \n",
       "| Sepal.Width | -0.1175698 |  1.0000000 | -0.4284401 | -0.3661259 | \n",
       "| Petal.Length |  0.8717538 | -0.4284401 |  1.0000000 |  0.9628654 | \n",
       "| Petal.Width |  0.8179411 | -0.3661259 |  0.9628654 |  1.0000000 | \n",
       "\n",
       "\n"
      ],
      "text/plain": [
       "             Sepal.Length Sepal.Width Petal.Length Petal.Width\n",
       "Sepal.Length  1.0000000   -0.1175698   0.8717538    0.8179411 \n",
       "Sepal.Width  -0.1175698    1.0000000  -0.4284401   -0.3661259 \n",
       "Petal.Length  0.8717538   -0.4284401   1.0000000    0.9628654 \n",
       "Petal.Width   0.8179411   -0.3661259   0.9628654    1.0000000 "
      ]
     },
     "metadata": {},
     "output_type": "display_data"
    }
   ],
   "source": [
    "cor(iris[,1:4])"
   ]
  },
  {
   "cell_type": "markdown",
   "metadata": {},
   "source": [
    "#### 2. 결측값 처리"
   ]
  },
  {
   "cell_type": "markdown",
   "metadata": {},
   "source": [
    "- 결측값(Missing data) 처리를 위해 시간을 많이 사용하는 것은 비효율적\n",
    "- 결측값 처리 패키지 \n",
    "    - Amelia II\n",
    "    - Mice\n",
    "    - mistools \n",
    "- 결측값 : NA(not available)\n",
    "- 불능값 : NaN(not a number"
   ]
  },
  {
   "cell_type": "code",
   "execution_count": 55,
   "metadata": {},
   "outputs": [
    {
     "data": {
      "text/html": [
       "<ol class=list-inline>\n",
       "\t<li>FALSE</li>\n",
       "\t<li>FALSE</li>\n",
       "\t<li>FALSE</li>\n",
       "\t<li>TRUE</li>\n",
       "</ol>\n"
      ],
      "text/latex": [
       "\\begin{enumerate*}\n",
       "\\item FALSE\n",
       "\\item FALSE\n",
       "\\item FALSE\n",
       "\\item TRUE\n",
       "\\end{enumerate*}\n"
      ],
      "text/markdown": [
       "1. FALSE\n",
       "2. FALSE\n",
       "3. FALSE\n",
       "4. TRUE\n",
       "\n",
       "\n"
      ],
      "text/plain": [
       "[1] FALSE FALSE FALSE  TRUE"
      ]
     },
     "metadata": {},
     "output_type": "display_data"
    }
   ],
   "source": [
    "y <- c(1,2,3,NA)\n",
    "is.na(y)"
   ]
  },
  {
   "cell_type": "code",
   "execution_count": 56,
   "metadata": {},
   "outputs": [],
   "source": [
    "mydata <- y"
   ]
  },
  {
   "cell_type": "code",
   "execution_count": 57,
   "metadata": {},
   "outputs": [
    {
     "data": {
      "text/html": [
       "<ol class=list-inline>\n",
       "\t<li>1</li>\n",
       "\t<li>2</li>\n",
       "\t<li>3</li>\n",
       "\t<li>&lt;NA&gt;</li>\n",
       "</ol>\n"
      ],
      "text/latex": [
       "\\begin{enumerate*}\n",
       "\\item 1\n",
       "\\item 2\n",
       "\\item 3\n",
       "\\item <NA>\n",
       "\\end{enumerate*}\n"
      ],
      "text/markdown": [
       "1. 1\n",
       "2. 2\n",
       "3. 3\n",
       "4. &lt;NA&gt;\n",
       "\n",
       "\n"
      ],
      "text/plain": [
       "[1]  1  2  3 NA"
      ]
     },
     "metadata": {},
     "output_type": "display_data"
    }
   ],
   "source": [
    "mydata"
   ]
  },
  {
   "cell_type": "code",
   "execution_count": 58,
   "metadata": {},
   "outputs": [
    {
     "ename": "ERROR",
     "evalue": "Error in mydata$v1: $ operator is invalid for atomic vectors\n",
     "output_type": "error",
     "traceback": [
      "Error in mydata$v1: $ operator is invalid for atomic vectors\nTraceback:\n"
     ]
    }
   ],
   "source": [
    "mydata[mydata$v1 == 3, \"v1\"] <- NA"
   ]
  },
  {
   "cell_type": "code",
   "execution_count": 59,
   "metadata": {},
   "outputs": [
    {
     "data": {
      "text/html": [
       "&lt;NA&gt;"
      ],
      "text/latex": [
       "<NA>"
      ],
      "text/markdown": [
       "&lt;NA&gt;"
      ],
      "text/plain": [
       "[1] NA"
      ]
     },
     "metadata": {},
     "output_type": "display_data"
    },
    {
     "data": {
      "text/html": [
       "2"
      ],
      "text/latex": [
       "2"
      ],
      "text/markdown": [
       "2"
      ],
      "text/plain": [
       "[1] 2"
      ]
     },
     "metadata": {},
     "output_type": "display_data"
    }
   ],
   "source": [
    "x <- c(1,2,NA,3)\n",
    "mean(x)\n",
    "mean(x, na.rm=T)"
   ]
  },
  {
   "cell_type": "markdown",
   "metadata": {},
   "source": [
    "```install.packages(\"Amelia\")```"
   ]
  },
  {
   "cell_type": "code",
   "execution_count": 60,
   "metadata": {},
   "outputs": [],
   "source": [
    "library(Amelia)"
   ]
  },
  {
   "cell_type": "code",
   "execution_count": 61,
   "metadata": {},
   "outputs": [],
   "source": [
    "data(freetrade)"
   ]
  },
  {
   "cell_type": "code",
   "execution_count": 62,
   "metadata": {},
   "outputs": [
    {
     "data": {
      "text/html": [
       "<table>\n",
       "<thead><tr><th scope=col>year</th><th scope=col>country</th><th scope=col>tariff</th><th scope=col>polity</th><th scope=col>pop</th><th scope=col>gdp.pc</th><th scope=col>intresmi</th><th scope=col>signed</th><th scope=col>fiveop</th><th scope=col>usheg</th></tr></thead>\n",
       "<tbody>\n",
       "\t<tr><td>1981     </td><td>SriLanka </td><td>  NA     </td><td>6        </td><td>14988000 </td><td>461.0236 </td><td>1.937347 </td><td>0        </td><td>12.4     </td><td>0.2593112</td></tr>\n",
       "\t<tr><td>1982     </td><td>SriLanka </td><td>  NA     </td><td>5        </td><td>15189000 </td><td>473.7634 </td><td>1.964430 </td><td>0        </td><td>12.5     </td><td>0.2558008</td></tr>\n",
       "\t<tr><td>1983     </td><td>SriLanka </td><td>41.3     </td><td>5        </td><td>15417000 </td><td>489.2266 </td><td>1.663936 </td><td>1        </td><td>12.3     </td><td>0.2655022</td></tr>\n",
       "\t<tr><td>1984     </td><td>SriLanka </td><td>  NA     </td><td>5        </td><td>15599000 </td><td>508.1739 </td><td>2.797462 </td><td>0        </td><td>12.3     </td><td>0.2988009</td></tr>\n",
       "\t<tr><td>1985     </td><td>SriLanka </td><td>31.0     </td><td>5        </td><td>15837000 </td><td>525.5609 </td><td>2.259116 </td><td>0        </td><td>12.3     </td><td>0.2952431</td></tr>\n",
       "\t<tr><td>1986     </td><td>SriLanka </td><td>  NA     </td><td>5        </td><td>16117000 </td><td>538.9237 </td><td>1.832549 </td><td>0        </td><td>12.5     </td><td>0.2886563</td></tr>\n",
       "</tbody>\n",
       "</table>\n"
      ],
      "text/latex": [
       "\\begin{tabular}{r|llllllllll}\n",
       " year & country & tariff & polity & pop & gdp.pc & intresmi & signed & fiveop & usheg\\\\\n",
       "\\hline\n",
       "\t 1981      & SriLanka  &   NA      & 6         & 14988000  & 461.0236  & 1.937347  & 0         & 12.4      & 0.2593112\\\\\n",
       "\t 1982      & SriLanka  &   NA      & 5         & 15189000  & 473.7634  & 1.964430  & 0         & 12.5      & 0.2558008\\\\\n",
       "\t 1983      & SriLanka  & 41.3      & 5         & 15417000  & 489.2266  & 1.663936  & 1         & 12.3      & 0.2655022\\\\\n",
       "\t 1984      & SriLanka  &   NA      & 5         & 15599000  & 508.1739  & 2.797462  & 0         & 12.3      & 0.2988009\\\\\n",
       "\t 1985      & SriLanka  & 31.0      & 5         & 15837000  & 525.5609  & 2.259116  & 0         & 12.3      & 0.2952431\\\\\n",
       "\t 1986      & SriLanka  &   NA      & 5         & 16117000  & 538.9237  & 1.832549  & 0         & 12.5      & 0.2886563\\\\\n",
       "\\end{tabular}\n"
      ],
      "text/markdown": [
       "\n",
       "year | country | tariff | polity | pop | gdp.pc | intresmi | signed | fiveop | usheg | \n",
       "|---|---|---|---|---|---|\n",
       "| 1981      | SriLanka  |   NA      | 6         | 14988000  | 461.0236  | 1.937347  | 0         | 12.4      | 0.2593112 | \n",
       "| 1982      | SriLanka  |   NA      | 5         | 15189000  | 473.7634  | 1.964430  | 0         | 12.5      | 0.2558008 | \n",
       "| 1983      | SriLanka  | 41.3      | 5         | 15417000  | 489.2266  | 1.663936  | 1         | 12.3      | 0.2655022 | \n",
       "| 1984      | SriLanka  |   NA      | 5         | 15599000  | 508.1739  | 2.797462  | 0         | 12.3      | 0.2988009 | \n",
       "| 1985      | SriLanka  | 31.0      | 5         | 15837000  | 525.5609  | 2.259116  | 0         | 12.3      | 0.2952431 | \n",
       "| 1986      | SriLanka  |   NA      | 5         | 16117000  | 538.9237  | 1.832549  | 0         | 12.5      | 0.2886563 | \n",
       "\n",
       "\n"
      ],
      "text/plain": [
       "  year country  tariff polity pop      gdp.pc   intresmi signed fiveop\n",
       "1 1981 SriLanka   NA   6      14988000 461.0236 1.937347 0      12.4  \n",
       "2 1982 SriLanka   NA   5      15189000 473.7634 1.964430 0      12.5  \n",
       "3 1983 SriLanka 41.3   5      15417000 489.2266 1.663936 1      12.3  \n",
       "4 1984 SriLanka   NA   5      15599000 508.1739 2.797462 0      12.3  \n",
       "5 1985 SriLanka 31.0   5      15837000 525.5609 2.259116 0      12.3  \n",
       "6 1986 SriLanka   NA   5      16117000 538.9237 1.832549 0      12.5  \n",
       "  usheg    \n",
       "1 0.2593112\n",
       "2 0.2558008\n",
       "3 0.2655022\n",
       "4 0.2988009\n",
       "5 0.2952431\n",
       "6 0.2886563"
      ]
     },
     "metadata": {},
     "output_type": "display_data"
    }
   ],
   "source": [
    "head(freetrade)"
   ]
  },
  {
   "cell_type": "code",
   "execution_count": 63,
   "metadata": {},
   "outputs": [
    {
     "name": "stdout",
     "output_type": "stream",
     "text": [
      "-- Imputation 1 --\n",
      "\n",
      "  1  2  3  4  5  6  7  8  9 10 11\n",
      "\n",
      "-- Imputation 2 --\n",
      "\n",
      "  1  2  3  4  5  6  7  8  9 10 11 12 13 14\n",
      "\n",
      "-- Imputation 3 --\n",
      "\n",
      "  1  2  3  4  5  6  7  8  9 10 11 12 13 14 15 16\n",
      "\n",
      "-- Imputation 4 --\n",
      "\n",
      "  1  2  3  4  5  6  7  8  9 10 11 12 13 14\n",
      "\n",
      "-- Imputation 5 --\n",
      "\n",
      "  1  2  3  4  5  6  7  8  9 10 11 12\n",
      "\n"
     ]
    },
    {
     "data": {
